238
322
217
353
0
159
147
191
194
276
325
175
78
9
338
308
347
294
218
206
106
231
368
360
80
274
81
178
192
337
268
64
14
124
121
65
342
310
375
165
70
73
330
222
323
334
333
208
361
292
95
210
3
262
293
96
101
209
324
128
83
243
232
348
45
155
216
62
287
23
97
93
19
236
214
98
26
230
354
30
150
57
22
84
24
120
309
8
350
312
229
305
285
336
38
289
223
132
327
103
367
189
370
286
264
171
4
251
115
263
114
239
5
27
246
302
366
204
85
351
56
13
151
362
256
339
142
75
21
86
211
284
235
1
12
213
245
168
326
153
39
267
131
272
126
182
48
318
15
319
180
112
202
51
137
359
321
100
207
113
234
249
273
187
188
72
50
77
356
227
173
67
109
127
55
6
258
166
252
102
130
135
331
16
119
295
212
275
328
43
66
125
122
140
313
219
297
40
17
288
118
329
46
242
340
143
160
226
270
134
374
29
28
20
283
146
129
311
247
357
278
183
7
290
136
68
228
282
255
71
254
345
149
241
49
164
244
352
184
260
266
161
364
365
363
261
237
179
224
59
162
44
250
123
63
169
341
300
87
82
277
10
108
152
94
200
205
296
105
163
18
257
265
167
53
372
186
185
91
90
89
61
335
107
314
343
32
303
298
225
177
79
138
158
371
156
76
111
35
172
240
60
133
317
203
332
110
299
304
33
344
2
139
355
306
157
291
141
197
199
104
271
193
25
253
315
220
316
369
58
307
215
42
190
269
301
88
181
170
144
31
41
34
248
92
280
198
52
201
145
259
196
373
54
11
154
349
99
358
346
174
221
74
195
47
148
117
36
37
281
176
69
116
233
320
279